image: map_7th_floor.pgm
resolution: 0.050000
origin: [-17.000000, -26.600000, 0.000000]
negate: 0
occupied_thresh: 0.65
free_thresh: 0.196

